-90.105983 -94.477169 -65.855318
-85.587041 -111.125251 -170.346999
-88.493990 -95.228848 -184.728847
-110.161113 -85.222270 -145.293598
-67.149344 -84.346635 -85.171582
-84.323561 -85.859497 -155.459803
-83.595925 -83.876247 -102.628500
-84.215570 -83.006807 -34.525557
-84.791267 -84.525758 -68.276628
-86.538325 -82.055391 -98.946619
-84.243404 -82.741157 -93.569501
-84.402954 -84.921019 -144.025309
-58.380841 -59.333559 -56.665067
-61.649967 -61.561254 -155.147767
-62.062508 -59.811976 -91.199873
-60.501626 -58.202832 -61.047251
-49.554207 -49.818857 -152.543730
-50.307724 -48.228187 -121.081875
-46.828110 -47.075312 -54.711884
-48.067238 -48.228753 -44.202638
-38.198873 -36.687462 -30.029862
-38.828129 -42.213176 -41.250080
-41.245789 -43.043039 -42.878197
-42.002467 -37.585627 -53.308875
-34.496027 -35.399138 -146.907540
-34.441268 -35.051299 -162.632410
-33.809974 -35.968593 -33.282920
-34.056989 -33.525569 -22.986182
-17.970272 -16.353058 -17.204174
-19.445295 -17.672711 -20.711263
-18.238360 -16.681277 -28.699870
-18.070334 -19.653006 -10.336001
-16.130167 -16.500987 -145.712463
-17.264983 -15.534607 -91.744598
-14.427157 -16.182804 -15.771764
-15.983052 -14.315907 -10.456119
-9.660461 -8.960688 -97.361727
-8.820720 -7.602000 -8.102304
-6.300000 -7.779552 -9.448516
-6.300000 -10.042200 -6.125304
-2.400000 -2.400000 -97.317960
-2.400000 -2.400000 -91.336115
-2.400000 -2.400000 -3.000000
-3.360000 -3.360000 -3.805920
-3.532056 -1.824000 -2.000200
-2.808960 -0.060000 -2.400000
-1.856400 -0.060000 -1.200000
-2.562000 -1.856400 -143.050268
-1.200000 -1.200000 -1.856400
-1.712400 0.000000 0.000000
-1.200000 0.000000 0.000000
0.000000 -1.200000 0.000000
-0.020000 -0.020000 -0.040000
-0.020000 -0.020000 -2.024362
-0.020000 -0.020000 0.000000
-0.020000 -0.020000 28.822800
-65.137524 -64.285717 -106.062421
-64.995165 -61.207139 -61.889300
-63.859299 -62.844650 -71.453626
-65.022430 -64.121602 -164.504988
-37.273370 -35.270197 -24.580179
-34.961198 -38.323397 -35.741477
-37.700410 -40.367858 -111.301317
-39.630858 -37.059365 -149.987961
-3.600000 -3.600000 -7.692720
-3.600000 -3.600000 -13.157194
-5.040000 -3.600000 -98.050343
-7.560000 -7.236000 -99.366367
-79.908566 -78.202949 -152.419126
-79.159090 -78.380186 -80.691944
-79.266080 -78.914472 -135.028556
-79.486396 -78.200643 25.378558
-64.785667 -50.979735 -153.940919
-54.396446 -28.333074 -94.721661
-65.383426 -11.377299 -155.701946
-32.083049 -53.652679 68.922497
-23.872061 -26.141095 -153.809471
-12.980556 -70.337318 -48.108670
-39.404603 -20.731826 -151.873320
-24.977627 -22.717422 96.808118
0.213255 -32.041014 -116.196264
-32.382508 -32.273791 -36.165636
-32.191007 50.025869 -122.487632
-32.265866 -31.856806 105.639942
40.030953 0.271630 113.559820
1.969297 2.106460 -18.532619
2.768421 70.098259 -146.757022
-0.146812 105.540273 -166.583007
8.750953 8.316611 148.835612
7.101649 7.817834 -97.441083
7.372192 -1.237600 -0.586277
-1.708000 8.649634 -101.745374
194.620674 136.256963 -0.020000
-0.039600 -0.020000 -99.653253
-0.618800 65.819480 -1.710240
-0.991760 123.013851 235.154239
